11/10
0.33863118387866586 0.8760939294730442 0.017011255213458587 0.9526320552488887 0.5377485131893212 0.4846383463683114 0.6529317027667698 0.2108958076552201 0.2279312731162939 0.014142210890886742 0.7881465620488268 
0.3834783888362323 0.8278698547406493 0.5114937396504566 0.9833942887664818 0.6953992009090592 0.2302973229871944 0.7594057070077911 0.043399218675891804 0.10001936648389154 0.47383032833187855 0.4200097409011887 
0.8831672246649245 0.644331447114694 0.4275674135747438 0.1766587248989946 0.6187238020007977 0.9734636159696478 0.48237146073431103 0.6893973056526285 0.08374116157996125 0.8294094683866021 0.8531151224830978 
0.7664750960228782 0.09947746206487751 0.12653331119342737 0.9877692976169884 0.2724405170571753 0.7326777310578522 0.9451900160866528 0.7520661584205034 0.942768108323142 0.4645629238930292 0.574837936741637 
0.5125701429730711 0.4556353968077257 0.6637596498230713 0.5593116176680806 0.9763418380719849 0.8233799553981361 0.00699996866229613 0.5494611794686437 0.6619807389212129 0.4093313743358824 0.5236473428465069 
0.6521531777806455 0.1746853277955751 0.650126542780794 0.7535810521605287 0.8796677082168701 0.03706954688622266 0.8692811593366955 0.10269803513721376 0.2498152441124536 0.6878270522387072 0.4047042103536368 
0.8562679888290036 0.06463554853982156 0.40193552666769583 0.641005883980856 0.46760369852185335 0.9043303843028782 0.3089456309931954 0.4368645611195835 0.67798538171062 0.9131208359012558 0.39000009837485317 
0.868381058697209 0.7435042135989222 0.02500866205031671 0.3195802759988403 0.17126357537342662 0.5454672721121315 0.8799607957758451 0.2845792127274882 0.25785033454637585 0.6432316637453257 0.3148247109032867 
0.46115136099137644 0.20939114834064243 0.3918134716129975 0.4783214435518971 0.6588913115588103 0.699672772530545 0.0913425013420106 0.8157525950242701 0.7522448498356387 0.39298774441845763 0.7614113573253148 
0.3965960538271598 0.9106575154242185 0.9776099199562271 0.5405932721282128 0.3169546201386846 0.311817406798372 0.6453538068969411 0.899879838906576 0.19886088454769846 0.9764504683523021 0.5084594894303801 
